TParams_0_300: 0.499963 -6.28723 0.912896 0.498903 0.89374 0.922976 100 -0.147064 0.626784 0 -4.37563 -4.37563 1.27119 18.4167 0.875829 1.242 -18.1379 0.873485
TParams_1_300: 0.499978 39.057 0.906941 0.498319 0.900334 0.926645 92.8327 -0.125065 0.358804 0 -4.2792 -4.2792 1.27198 19.5017 0.873338 1.24841 -18.3794 0.875157
TParams_2_300: 0.49993 -5.09829 0.916283 0.498683 0.906278 0.87301 96.8399 -0.153505 0.660456 0 -4.12861 -4.12861 1.27462 22.088 0.872606 1.25022 -16.9492 0.872105
TParams_3_300: 0.499939 35.7283 0.909153 0.499031 0.909169 0.876823 87.9955 -0.131787 0.355256 0 -4.0597 -4.0597 1.26505 17.4938 0.869652 1.25835 -19.5553 0.873179
TParams_4_300: 0.499912 -4.7865 0.914215 0.49913 0.88749 0.825233 90.3786 -0.155882 0.662336 0 -3.87881 -3.87881 1.26911 19.8116 0.873467 1.22266 -16.5913 0.872136
TParams_5_300: 0.499912 28.6237 0.919793 0.499388 0.893876 0.82902 82.7143 -0.135982 0.362318 0 -3.82689 -3.82689 1.27591 13.6081 0.874397 1.24346 -16.3346 0.870689
TParams_6_300: 0.46024 -95.1466 1.11445 0.450681 1.05139 0.644879 63.6447 -0.15208 0.968237 0 -22.1761 -22.1761 1.54513 13.4142 0.82624 1.41045 1.17379 0.810577
TParams_7_300: 0.460075 76.6463 1.12207 0.453379 1.02734 0.647901 62.3108 -0.137987 0.24189 0 -22.2511 -22.2511 1.55919 13.1329 0.82808 1.37212 0.127645 0.81401
TParams_8_300: 0.499856 -1.68332 0.903186 0.500834 0.894581 0.492321 34.6045 -0.121487 0.695422 0 -1.94835 -1.94835 1.25116 13.2802 0.875638 1.24173 -11.3861 0.87821
TParams_9_300: 0.499825 6.51614 0.906611 0.500919 0.899009 0.495027 33.9311 -0.114199 0.338525 0 -1.98847 -1.98847 1.26579 9.13177 0.877626 1.2436 -9.96237 0.876804
TParams_10_300: 0.499842 -1.83565 0.890346 0.501304 0.895179 0.462797 30.7769 -0.114994 0.679938 0 -1.79553 -1.79553 1.24732 8.5452 0.867851 1.24171 -8.27032 0.876431
TParams_11_300: 0.499835 4.683 0.919922 0.50112 0.916355 0.46534 30.608 -0.108777 0.331833 0 -1.83389 -1.83389 1.26271 7.19138 0.875252 1.25572 -10.7506 0.878346
TParams_12_300: 0.499828 -1.4347 0.913319 0.501531 0.893042 0.434745 26.9084 -0.108552 0.712138 0 -1.64823 -1.64823 1.26292 10.5982 0.874652 1.23901 -9.09543 0.87621
TParams_13_300: 0.499812 3.24749 0.920741 0.501239 0.900077 0.437123 27.3947 -0.103205 0.315918 0 -1.69121 -1.69121 1.27236 7.63061 0.877786 1.24283 -9.12972 0.877295
TParams_14_300: 0.46318 -19.74 1.05314 0.451567 1.03063 0.343945 19.8409 -0.0893346 0.756994 0 -8.24233 -8.24233 1.42872 8.26173 0.815809 1.37842 1.11659 0.811518
TParams_15_300: 0.462981 93.8337 1.04182 0.453996 1.02048 0.345678 20.0853 -0.0861223 0.161057 0 -8.57326 -8.57326 1.41499 7.1811 0.815918 1.37391 0.824837 0.813845
TParams_16_300: 0.499461 -1.36172 0.904121 0.504766 0.910128 0.265532 10.3856 -0.0653616 0.907345 0 -0.750844 -0.750844 1.24345 8.33631 0.874858 1.26535 -7.11698 0.876914
TParams_17_300: 0.499518 0.718618 0.908126 0.505044 0.907892 0.266968 11.1239 -0.0636196 0.210177 0 -0.787387 -0.787387 1.25385 6.62629 0.878954 1.25658 -7.32628 0.877701
TParams_18_300: 0.499394 -1.90703 0.905487 0.505239 0.891899 0.248605 8.82036 -0.0608717 0.909866 0 -0.666476 -0.666476 1.25306 8.92092 0.87092 1.2337 -5.44277 0.875993
TParams_19_300: 0.499474 1.0346 0.916627 0.505971 0.902183 0.249977 9.85657 -0.0593784 0.220852 0 -0.694787 -0.694787 1.26578 2.39535 0.873654 1.24547 -3.19705 0.874419
TParams_20_300: 0.499397 -1.92971 0.901559 0.505855 0.895733 0.232856 7.48288 -0.0567179 0.946442 0 -0.588319 -0.588319 1.24982 7.48142 0.872766 1.23897 -6.74798 0.880202
TParams_21_300: 0.499434 0.488746 0.895591 0.506919 0.896412 0.23419 8.81124 -0.0553977 0.138205 0 -0.611858 -0.611858 1.23885 3.68884 0.871785 1.24308 -5.94179 0.878535
TParams_22_300: 0.499397 -1.02722 0.638708 0.508581 0.619434 0.232886 7.53325 -0.0559202 0.265311 0 0.585569 0.585569 1.2498 6.69784 -0.724856 1.23897 -3.47681 -0.72732
TParams_23_300: 0.499435 1.68582 0.634242 0.509823 0.625202 0.23422 8.85219 -0.0546154 0.798742 0 0.608948 0.608948 1.23885 3.69759 -0.722275 1.24309 -0.256417 -0.728619
TParams_24_300: 0.499394 -1.04734 0.643134 0.50775 0.624285 0.248638 8.82762 -0.0600049 0.293166 0 0.663351 0.663351 1.25305 6.69807 -0.722197 1.2337 -1.96705 -0.724663
TParams_25_300: 0.499473 1.65254 0.644248 0.508617 0.63249 0.250006 9.91349 -0.0585329 0.774084 0 0.691631 0.691631 1.26577 3.17138 -0.721753 1.24548 -0.137925 -0.721859
TParams_26_300: 0.499462 -1.02492 0.62962 0.506806 0.640046 0.265565 10.4515 -0.0644261 0.306708 0 0.747716 0.747716 1.24343 5.72118 -0.718641 1.26536 -1.13374 -0.729979
TParams_27_300: 0.499517 1.78212 0.628611 0.507104 0.632955 0.267003 11.1469 -0.0627114 0.701988 0 0.783674 0.783674 1.25383 7.12735 -0.724884 1.25658 -1.38945 -0.726303
TParams_28_300: 0.535397 15.2877 0.834035 0.550637 0.810054 0.343923 19.1175 -0.0805758 0.582139 0 7.83397 7.83397 1.42785 5.13916 -0.684132 1.37852 1.35412 -0.668861
TParams_29_300: 0.53541 -17.2964 0.825842 0.548781 0.804106 0.345656 19.5053 -0.077651 0.389432 0 8.14771 8.14771 1.41439 4.95027 -0.685206 1.37396 1.26522 -0.675475
TParams_30_300: 0.499831 -0.925234 0.641386 0.502046 0.6274 0.4348 27.1084 -0.106886 0.460938 0 1.64124 1.64124 1.26295 4.52632 -0.723612 1.23901 1.63335 -0.727625
TParams_31_300: 0.499814 1.91975 0.640267 0.501626 0.626097 0.437171 27.6737 -0.101627 0.565099 0 1.68409 1.68409 1.27234 6.51809 -0.724907 1.24283 2.23564 -0.723839
TParams_32_300: 0.499843 -0.786882 0.648642 0.501866 0.628283 0.462853 31.0594 -0.11323 0.472067 0 1.78846 1.78846 1.24728 3.78783 -0.731619 1.24167 1.64967 -0.727556
TParams_33_300: 0.499838 1.90318 0.638199 0.501383 0.628535 0.465395 30.9309 -0.107108 0.55582 0 1.8264 1.8264 1.26262 5.01588 -0.71698 1.25573 0.34622 -0.717251
TParams_34_300: 0.499853 -0.620272 0.634587 0.501215 0.625409 0.492368 35.0203 -0.119605 0.478898 0 1.94155 1.94155 1.25126 8.06236 -0.725676 1.24224 1.79614 -0.729305
TParams_35_300: 0.499825 1.6258 0.640315 0.501102 0.627992 0.495083 34.2808 -0.112417 0.535727 0 1.98052 1.98052 1.26584 8.82076 -0.734364 1.24364 2.60262 -0.725173
TParams_36_300: 0.539114 97.4897 0.887425 0.548023 0.831291 0.644964 63.0848 -0.133918 0.732086 0 20.855 20.855 1.54686 11.663 -0.706674 1.41073 1.13124 -0.671797
TParams_37_300: 0.539013 -11.9935 0.892222 0.546148 0.80208 0.64796 61.8832 -0.121434 0.264072 0 20.8946 20.8946 1.56215 13.5446 -0.71057 1.37236 0.147232 -0.66815
TParams_38_300: 0.499912 4.92063 0.64765 0.499126 0.624334 0.82538 91.1663 -0.153342 0.54242 0 3.87117 3.87117 1.26913 7.44458 -0.726537 1.22261 -2.2367 -0.718546
TParams_39_300: 0.499912 -6.97787 0.649275 0.499281 0.640028 0.829162 83.9459 -0.133878 0.470338 0 3.8201 3.8201 1.27593 6.55362 -0.726398 1.24345 -2.30947 -0.726769
TParams_40_300: 0.49993 6.16744 0.652592 0.49875 0.638548 0.873139 98.2591 -0.151064 0.550077 0 4.12264 4.12264 1.27457 4.91916 -0.727939 1.25014 -3.36261 -0.720283
TParams_41_300: 0.499939 -9.06973 0.65304 0.498788 0.641887 0.876963 89.4356 -0.129728 0.465534 0 4.05343 4.05343 1.2651 9.66314 -0.726454 1.2583 -5.38008 -0.723518
TParams_42_300: 0.499971 7.45134 0.645756 0.498856 0.634211 0.923199 100 -0.14435 0.559227 0 4.37106 4.37106 1.27136 6.45687 -0.73075 1.24206 -4.24759 -0.727233
TParams_43_300: 0.499982 -9.2523 0.652291 0.498046 0.633832 0.926784 94.305 -0.12301 0.468178 0 4.27335 4.27335 1.27207 9.97126 -0.735752 1.24834 -5.50587 -0.72638
