TParams_0_300: 0.499989 -6.28723 0.916733 0.498938 0.911345 -0.923414 -94.3015 0.144717 0.626784 0 -4.44309 -4.44309 1.25439 18.4167 0.864683 1.25929 -18.1379 0.870388
TParams_1_300: 0.499914 39.057 0.935315 0.498916 0.906502 -0.925308 -117.23 0.129848 0.358804 0 -4.25498 -4.25498 1.29939 19.5017 0.866956 1.24329 -18.3794 0.860767
TParams_2_300: 0.499948 -5.09829 0.943927 0.499084 0.925081 -0.873575 -89.4935 0.151377 0.660456 0 -4.18391 -4.18391 1.29834 22.088 0.870088 1.27014 -16.9492 0.869042
TParams_3_300: 0.499874 35.7283 0.916987 0.499162 0.89324 -0.875549 -109.889 0.135902 0.355256 0 -4.02347 -4.02347 1.26171 17.4938 0.871893 1.23791 -19.5553 0.865214
TParams_4_300: 0.499922 -4.7865 0.937167 0.499227 0.938499 -0.825805 -83.8993 0.15449 0.662336 0 -3.91303 -3.91303 1.27784 19.8116 0.868261 1.27434 -16.5913 0.872126
TParams_5_300: 0.499859 28.6237 0.942416 0.499343 0.904075 -0.827745 -102.024 0.138967 0.362318 0 -3.78339 -3.78339 1.29125 13.6081 0.8741 1.24244 -16.3346 0.865568
TParams_6_300: 0.460083 -95.1466 1.12025 0.449459 1.02873 -0.645192 -59.3447 0.151787 0.968237 0 -22.1867 -22.1867 1.52645 13.4142 0.819464 1.37417 1.17379 0.808194
TParams_7_300: 0.460134 76.6463 1.14055 0.452593 1.04252 -0.647439 -69.9087 0.139232 0.24189 0 -21.9597 -21.9597 1.56573 13.1329 0.826841 1.38047 0.127645 0.8101
TParams_8_300: 0.499854 -1.68332 0.905278 0.500814 0.908277 -0.492592 -30.7771 0.121481 0.695422 0 -1.95248 -1.95248 1.25488 13.2802 0.867673 1.24532 -11.3861 0.861728
TParams_9_300: 0.499823 6.51614 0.901947 0.500844 0.89854 -0.494925 -35.3802 0.114898 0.338525 0 -1.9918 -1.9918 1.23518 9.13177 0.870433 1.22882 -9.96237 0.867825
TParams_10_300: 0.499814 -1.83565 0.923272 0.501008 0.898756 -0.463051 -27.532 0.115085 0.679938 0 -1.79225 -1.79225 1.25635 8.5452 0.864604 1.23429 -8.27032 0.861293
TParams_11_300: 0.499794 4.683 0.910771 0.500792 0.908585 -0.465279 -31.2934 0.109372 0.331833 0 -1.83249 -1.83249 1.25496 7.19138 0.871768 1.23266 -10.7506 0.868505
TParams_12_300: 0.499837 -1.4347 0.90982 0.501015 0.89166 -0.434897 -25.0519 0.108587 0.712138 0 -1.63894 -1.63894 1.26167 10.5982 0.862855 1.22195 -9.09543 0.867706
TParams_13_300: 0.499778 3.24749 0.922382 0.500977 0.911459 -0.437084 -27.9124 0.10363 0.315918 0 -1.68466 -1.68466 1.26839 7.63061 0.870005 1.24811 -9.12972 0.870513
TParams_14_300: 0.463049 -19.74 1.04028 0.450882 1.02192 -0.343926 -18.9069 0.0893835 0.756994 0 -8.14772 -8.14772 1.40672 8.26173 0.811418 1.37081 1.11659 0.808688
TParams_15_300: 0.463051 93.8337 1.08103 0.453728 1.03956 -0.345676 -19.9482 0.0860805 0.161057 0 -8.52254 -8.52254 1.44628 7.1811 0.821213 1.37301 0.824837 0.819629
TParams_16_300: 0.499567 -1.36172 0.914201 0.504515 0.915166 -0.265582 -10.0111 0.0656926 0.907345 0 -0.740149 -0.740149 1.25603 8.33631 0.872258 1.24329 -7.11698 0.869651
TParams_17_300: 0.499564 0.718618 0.907716 0.504131 0.909422 -0.267075 -10.3764 0.0636719 0.210177 0 -0.791628 -0.791628 1.24373 6.62629 0.863864 1.25067 -7.32628 0.869934
TParams_18_300: 0.499556 -1.90703 0.907201 0.505471 0.910683 -0.248661 -8.79804 0.0612364 0.909866 0 -0.65479 -0.65479 1.24763 8.92092 0.860732 1.25002 -5.44277 0.869892
TParams_19_300: 0.499555 1.0346 0.909853 0.504493 0.905322 -0.250087 -9.0097 0.0593835 0.220852 0 -0.697967 -0.697967 1.25373 2.39535 0.866815 1.24113 -3.19705 0.864793
TParams_20_300: 0.499529 -1.92971 0.919186 0.506681 0.909277 -0.232907 -7.79463 0.0571112 0.946442 0 -0.576004 -0.576004 1.25922 7.48142 0.869903 1.22625 -6.74798 0.8687
TParams_21_300: 0.499551 0.488746 0.927879 0.505167 0.92459 -0.234306 -7.83567 0.0553543 0.138205 0 -0.616596 -0.616596 1.25815 3.68884 0.868117 1.25292 -5.94179 0.869475
TParams_22_300: 0.499529 -1.02722 0.645571 0.510034 0.627238 -0.232934 -7.86023 0.0563072 0.265311 0 0.573353 0.573353 1.25922 6.69784 -0.711973 1.22623 -3.47681 -0.69598
TParams_23_300: 0.499553 1.68582 0.645701 0.507402 0.640309 -0.234335 -7.84857 0.0545773 0.798742 0 0.613763 0.613763 1.25815 3.69759 -0.700959 1.25294 -0.256417 -0.70086
TParams_24_300: 0.499553 -1.04734 0.656206 0.508188 0.6415 -0.248692 -8.84747 0.0603654 0.293166 0 0.651894 0.651894 1.24739 6.69807 -0.71087 1.24996 -1.96705 -0.713994
TParams_25_300: 0.499552 1.65254 0.649703 0.506747 0.645273 -0.250115 -9.01924 0.0585313 0.774084 0 0.694764 0.694764 1.25373 3.17138 -0.715862 1.24112 -0.137925 -0.709741
TParams_26_300: 0.49957 -1.02492 0.640467 0.506636 0.636016 -0.265614 -10.0322 0.0647358 0.306708 0 0.737002 0.737002 1.25607 5.72118 -0.71611 1.24336 -1.13374 -0.703835
TParams_27_300: 0.499569 1.78212 0.648213 0.506504 0.641933 -0.267108 -10.4203 0.0627561 0.701988 0 0.787872 0.787872 1.24371 7.12735 -0.709012 1.25068 -1.38945 -0.715475
TParams_28_300: 0.535344 15.2877 0.828694 0.552555 0.8109 -0.343903 -18.2734 0.0806037 0.582139 0 7.74561 7.74561 1.40563 5.13916 -0.680408 1.37096 1.35412 -0.671302
TParams_29_300: 0.535359 -17.2964 0.832386 0.548862 0.790878 -0.345663 -19.203 0.0775966 0.389432 0 8.09945 8.09945 1.44554 4.95027 -0.672487 1.37308 1.26522 -0.658125
TParams_30_300: 0.499839 -0.925234 0.662262 0.501419 0.630528 -0.434952 -25.272 0.106949 0.460938 0 1.63217 1.63217 1.26167 4.52632 -0.719684 1.22196 1.63335 -0.711257
TParams_31_300: 0.499775 1.91975 0.650899 0.50145 0.638324 -0.437133 -28.1311 0.102071 0.565099 0 1.67753 1.67753 1.26835 6.51809 -0.715898 1.24798 2.23564 -0.711986
TParams_32_300: 0.499811 -0.786882 0.651854 0.50147 0.648446 -0.463101 -27.7395 0.113291 0.472067 0 1.78511 1.78511 1.25634 3.78783 -0.702688 1.23424 1.64967 -0.710154
TParams_33_300: 0.499795 1.90318 0.641628 0.500931 0.632307 -0.465339 -31.5222 0.10769 0.55582 0 1.82503 1.82503 1.255 5.01588 -0.718429 1.23279 0.34622 -0.701339
TParams_34_300: 0.499857 -0.620272 0.650501 0.501104 0.653198 -0.492657 -31.0939 0.119607 0.478898 0 1.94459 1.94459 1.25492 8.06236 -0.721768 1.24541 1.79614 -0.708701
TParams_35_300: 0.49982 1.6258 0.632226 0.501064 0.633062 -0.494986 -35.758 0.113146 0.535727 0 1.98408 1.98408 1.23519 8.82076 -0.711942 1.22884 2.60262 -0.708986
TParams_36_300: 0.539069 97.4897 0.885505 0.549016 0.81379 -0.645301 -58.5829 0.133702 0.732086 0 20.8656 20.8656 1.52735 11.663 -0.68946 1.37443 1.13124 -0.667567
TParams_37_300: 0.538972 -11.9935 0.89531 0.54538 0.812886 -0.647517 -69.3159 0.122561 0.264072 0 20.634 20.634 1.56731 13.5446 -0.698852 1.38075 0.147232 -0.659131
TParams_38_300: 0.499923 4.92063 0.656747 0.498996 0.647045 -0.825932 -85.0631 0.152008 0.54242 0 3.90505 3.90505 1.27761 7.44458 -0.707012 1.27426 -2.2367 -0.704806
TParams_39_300: 0.499857 -6.97787 0.654216 0.498888 0.645176 -0.827852 -103.591 0.136842 0.470338 0 3.77677 3.77677 1.2913 6.55362 -0.714526 1.24241 -2.30947 -0.712437
TParams_40_300: 0.499953 6.16744 0.666446 0.499201 0.653655 -0.873723 -90.7281 0.148972 0.550077 0 4.17723 4.17723 1.29861 4.91916 -0.716033 1.27039 -3.36261 -0.713645
TParams_41_300: 0.499875 -9.06973 0.644311 0.498677 0.645298 -0.87568 -111.45 0.133786 0.465534 0 4.0172 4.0172 1.26166 9.66314 -0.717315 1.23785 -5.38008 -0.720172
TParams_42_300: 0.499991 7.45134 0.652088 0.498466 0.647088 -0.92356 -95.9182 0.142432 0.559227 0 4.43665 4.43665 1.25452 6.45687 -0.708098 1.25925 -4.24759 -0.72055
TParams_43_300: 0.499914 -9.2523 0.67537 0.498381 0.653839 -0.925448 -118.909 0.127833 0.468178 0 4.25053 4.25053 1.29953 9.97126 -0.723524 1.24331 -5.50587 -0.70791
