TParams_0_300: 0.505367 -6.28723 0.910317 0.484409 0.900395 -0.896779 -100 0.16677 0.626784 0 -4.48795 -4.48795 1.26077 18.4167 0.875049 1.24852 -18.1379 0.878114
TParams_1_300: 0.50497 39.057 0.912618 0.498286 0.90113 -0.899393 -83.3892 0.140482 0.358804 0 -4.45178 -4.45178 1.26246 19.5017 0.878106 1.25135 -18.3794 0.880139
TParams_2_300: 0.506157 -5.09829 0.914887 0.513741 0.901881 -0.845006 -86.3214 0.162939 0.660456 0 -3.89218 -3.89218 1.26544 22.088 0.875432 1.25089 -16.9492 0.875219
TParams_3_300: 0.50518 35.7283 0.906859 0.491478 0.900302 -0.848588 -81.16 0.136835 0.355256 0 -4.01325 -4.01325 1.2517 17.4938 0.870696 1.23742 -19.5553 0.869207
TParams_4_300: 0.505043 -4.7865 0.914358 0.517249 0.89387 -0.799866 -61.9762 0.150544 0.662336 0 -3.72817 -3.72817 1.2749 19.8116 0.877268 1.23924 -16.5913 0.871795
TParams_5_300: 0.503644 28.6237 0.916728 0.503191 0.902372 -0.798922 -67.3799 0.144299 0.362318 0 -3.8219 -3.8219 1.27536 13.6081 0.877025 1.25766 -16.3346 0.875959
TParams_6_300: 0.465603 -95.1466 1.08026 0.448933 1.01864 -0.636652 -54.9035 0.152959 0.968237 0 -18.793 -18.793 1.47745 13.4142 0.827718 1.35642 1.17379 0.80975
TParams_7_300: 0.466107 76.6463 1.10251 0.456198 1.02391 -0.6394 -53.5368 0.140249 0.24189 0 -18.9234 -18.9234 1.50161 13.1329 0.828324 1.35357 0.127645 0.806495
TParams_8_300: 0.505378 -1.68332 0.90902 0.529531 0.894777 -0.499346 -45.4692 0.125587 0.695422 0 -1.90523 -1.90523 1.25607 13.2802 0.871473 1.2403 -11.3861 0.876256
TParams_9_300: 0.505716 6.51614 0.905907 0.485603 0.898428 -0.50116 -32.8829 0.110055 0.338525 0 -1.85831 -1.85831 1.25777 9.13177 0.875013 1.24659 -9.96237 0.879749
TParams_10_300: 0.506115 -1.83565 0.915096 0.52109 0.904748 -0.46849 -21.4209 0.1108 0.679938 0 -1.7093 -1.7093 1.25434 8.5452 0.879362 1.24565 -8.27032 0.879881
TParams_11_300: 0.503207 4.683 0.904639 0.516311 0.89757 -0.474494 -31.2141 0.114656 0.331833 0 -1.52187 -1.52187 1.25415 7.19138 0.876215 1.24179 -10.7506 0.875822
TParams_12_300: 0.506417 -1.4347 0.918548 0.55204 0.900075 -0.444696 -15.3853 0.107708 0.712138 0 -1.56972 -1.56972 1.25855 10.5982 0.879624 1.24455 -9.09543 0.876234
TParams_13_300: 0.505414 3.24749 0.904014 0.44946 0.895161 -0.441124 -35.9667 0.107216 0.315918 0 -1.7655 -1.7655 1.26244 7.63061 0.872576 1.24536 -9.12972 0.876034
TParams_14_300: 0.465043 -19.74 1.04799 0.44651 1.0227 -0.347728 -11.5966 0.0890562 0.756994 0 -6.84889 -6.84889 1.40652 8.26173 0.815623 1.34783 1.11659 0.803736
TParams_15_300: 0.465922 93.8337 1.04899 0.44738 1.0225 -0.350182 -13.2163 0.0869429 0.161057 0 -6.87179 -6.87179 1.40815 7.1811 0.816476 1.33702 0.824837 0.810229
TParams_16_300: 0.509278 -1.36172 0.90345 0.425656 0.888839 -0.268405 0.738629 0.063693 0.907345 0 -0.558972 -0.558972 1.24895 8.33631 0.873933 1.22883 -7.11698 0.872746
TParams_17_300: 0.513374 0.718618 0.920468 0.45385 0.899181 -0.273755 21.0493 0.0613126 0.210177 0 -0.715088 -0.715088 1.27868 6.62629 0.87516 1.24368 -7.32628 0.874297
TParams_18_300: 0.507033 -1.90703 0.911715 0.575251 0.886231 -0.251664 1.39791 0.0554197 0.909866 0 -0.540913 -0.540913 1.25827 8.92092 0.877458 1.22577 -5.44277 0.873627
TParams_19_300: 0.514598 1.0346 0.921542 0.513251 0.900819 -0.254412 2.74237 0.0606033 0.220852 0 -0.669887 -0.669887 1.27904 2.39535 0.877034 1.24858 -3.19705 0.876623
TParams_20_300: 0.515942 -1.92971 0.927422 0.501469 0.903419 -0.233704 -4.4273 0.054539 0.946442 0 -0.628284 -0.628284 1.27656 7.48142 0.87818 1.24467 -6.74798 0.880827
TParams_21_300: 0.514101 0.488746 0.904806 0.479958 0.897967 -0.23473 2.2681 0.0492946 0.138205 0 -0.535146 -0.535146 1.24397 3.68884 0.875173 1.24878 -5.94179 0.877516
TParams_22_300: 0.486094 -1.02722 0.640575 0.553615 0.62008 -0.233713 -4.36542 0.0537539 0.265311 0 0.623734 0.623734 1.27655 6.69784 -0.721405 1.24469 -3.47681 -0.723995
TParams_23_300: 0.485863 1.68582 0.629308 0.428734 0.630716 -0.234739 2.31771 0.0485878 0.798742 0 0.531278 0.531278 1.24397 3.69759 -0.718415 1.2488 -0.256417 -0.730632
TParams_24_300: 0.492707 -1.04734 0.633441 0.500503 0.624358 -0.251673 1.45326 0.0546228 0.293166 0 0.536968 0.536968 1.25827 6.69807 -0.723456 1.22579 -1.96705 -0.723184
TParams_25_300: 0.486382 1.65254 0.646281 0.488237 0.631251 -0.254422 2.79684 0.0597275 0.774084 0 0.664967 0.664967 1.27903 3.17138 -0.728498 1.24858 -0.137925 -0.726975
TParams_26_300: 0.489181 -1.02492 0.635471 0.590304 0.627365 -0.268416 0.803871 0.062767 0.306708 0 0.554826 0.554826 1.24893 5.72118 -0.722863 1.22884 -1.13374 -0.722238
TParams_27_300: 0.488468 1.78212 0.649707 0.52814 0.632317 -0.273761 21.1059 0.0604171 0.701988 0 0.709855 0.709855 1.27866 7.12735 -0.728166 1.24367 -1.38945 -0.723569
TParams_28_300: 0.534191 15.2877 0.819678 0.538184 0.804403 -0.34782 -10.963 0.0803437 0.582139 0 6.51182 6.51182 1.40609 5.13916 -0.672883 1.34803 1.35412 -0.653917
TParams_29_300: 0.533229 -17.2964 0.81923 0.526181 0.786048 -0.350266 -12.6988 0.0784432 0.389432 0 6.53204 6.53204 1.40775 4.95027 -0.673299 1.33708 1.26522 -0.647019
TParams_30_300: 0.494042 -0.925234 0.627635 0.452986 0.62925 -0.444712 -15.2753 0.106034 0.460938 0 1.55759 1.55759 1.25855 4.52632 -0.717899 1.24457 1.63335 -0.724482
TParams_31_300: 0.49346 1.91975 0.64755 0.542669 0.63169 -0.44114 -35.8726 0.105553 0.565099 0 1.75188 1.75188 1.26247 6.51809 -0.731406 1.24536 2.23564 -0.73006
TParams_32_300: 0.492242 -0.786882 0.626072 0.512551 0.622011 -0.468507 -21.309 0.109064 0.472067 0 1.6962 1.6962 1.25433 3.78783 -0.718116 1.24565 1.64967 -0.722679
TParams_33_300: 0.496567 1.90318 0.634841 0.473754 0.628732 -0.47451 -31.108 0.112861 0.55582 0 1.51011 1.51011 1.25413 5.01588 -0.726916 1.24178 0.34622 -0.724764
TParams_34_300: 0.494773 -0.620272 0.643389 0.480237 0.627727 -0.499365 -45.3424 0.123604 0.478898 0 1.89056 1.89056 1.25608 8.06236 -0.721008 1.24029 1.79614 -0.726818
TParams_35_300: 0.493442 1.6258 0.639228 0.523995 0.624937 -0.501175 -32.7797 0.108314 0.535727 0 1.8439 1.8439 1.25777 8.82076 -0.727576 1.24657 2.60262 -0.729958
TParams_36_300: 0.534396 97.4897 0.841743 0.542401 0.799841 -0.636769 -53.9213 0.13679 0.732086 0 17.8027 17.8027 1.47885 11.663 -0.693796 1.35652 1.13124 -0.664528
TParams_37_300: 0.533674 -11.9935 0.853609 0.543327 0.80319 -0.639498 -52.7258 0.125408 0.264072 0 17.924 17.924 1.50287 13.5446 -0.690079 1.35378 0.147232 -0.657195
TParams_38_300: 0.495944 4.92063 0.645076 0.483656 0.635058 -0.799884 -61.8521 0.147993 0.54242 0 3.6971 3.6971 1.27497 7.44458 -0.732891 1.23924 -2.2367 -0.724282
TParams_39_300: 0.495319 -6.97787 0.645134 0.513832 0.638576 -0.798936 -67.2878 0.141847 0.470338 0 3.79018 3.79018 1.27541 6.55362 -0.730675 1.25766 -2.30947 -0.731652
TParams_40_300: 0.494986 6.16744 0.641202 0.487149 0.635092 -0.845029 -86.1613 0.16015 0.550077 0 3.85953 3.85953 1.26535 4.91916 -0.724236 1.25088 -3.36261 -0.726729
TParams_41_300: 0.495083 -9.06973 0.642237 0.496448 0.636429 -0.848603 -81.0523 0.13449 0.465534 0 3.97943 3.97943 1.25172 9.66314 -0.719525 1.23745 -5.38008 -0.714689
TParams_42_300: 0.494895 7.45134 0.640029 0.518806 0.628665 -0.896785 -100 0.16391 0.559227 0 4.44989 4.44989 1.2608 6.45687 -0.725293 1.24852 -4.24759 -0.728314
TParams_43_300: 0.494767 -9.2523 0.635038 0.500668 0.626865 -0.899398 -83.2982 0.138044 0.468178 0 4.41395 4.41395 1.26249 9.97126 -0.726098 1.25134 -5.50587 -0.73097
