1.2124
1.14432
0.871171
0.820924
1.21209
1.14411
0.871338
0.82114
1.21172
1.14387
0.871534
0.821391
1.21128
1.14358
0.871759
0.821657
1.21079
1.14325
0.872012
0.821966
1.20997
1.14269
0.872486
0.822608
1.20871
1.14186
0.872931
0.823272
1.20726
1.14087
0.873845
0.824458
1.2058
1.13989
0.874376
0.825192
1.20432
1.13892
0.875272
0.826419
1.20241
1.13766
0.876368
0.827904
1.19991
1.13619
0.87808
0.830232
1.1978
1.1349
0.879174
0.83178
1.19505
1.13297
0.88063
0.833741
1.19186
1.13076
0.882503
0.836215
1.18822
1.1283
0.884844
0.839128
1.18431
1.12567
0.887179
0.842485
1.18011
1.12284
0.889634
0.845718
1.17557
1.11983
0.892422
0.849163
1.17058
1.11638
0.894661
0.85249
1.16647
1.11355
0.897082
0.856235
1.161
1.10968
0.900238
0.860937
1.15649
1.10644
0.903951
0.865998
1.15088
1.10352
0.908025
0.871204
1.14267
1.09745
0.911893
0.876838
1.13043
1.0892
0.920218
0.888471
1.12382
1.08422
0.923715
0.893252
1.1123
1.07572
0.931865
0.904128
1.10852
1.07352
0.938089
0.913551
1.09511
1.06307
0.944499
0.923409
1.0842
1.05646
0.954098
0.937321