TParams_0_300: 0.504229 -6.28723 0.907736 0.50341 0.897882 0.896698 83.5608 -0.155906 0.626784 0 -4.3353 -4.3353 1.26598 18.4167 0.870531 1.24118 -18.1379 0.872427
TParams_1_300: 0.504521 39.057 0.926025 0.475074 0.90469 0.895565 87.9775 -0.144989 0.358804 0 -4.3398 -4.3398 1.27929 19.5017 0.877127 1.23918 -18.3794 0.878944
TParams_2_300: 0.505485 -5.09829 0.899569 0.48766 0.915699 0.84436 85.4838 -0.160945 0.660456 0 -4.36807 -4.36807 1.24903 22.088 0.87167 1.26737 -16.9492 0.873975
TParams_3_300: 0.504739 35.7283 0.917614 0.518258 0.91239 0.850339 76.3425 -0.142529 0.355256 0 -4.23099 -4.23099 1.27606 17.4938 0.872304 1.27395 -19.5553 0.873117
TParams_4_300: 0.505223 -4.7865 0.916806 0.497216 0.900964 0.798718 87.2108 -0.159504 0.662336 0 -3.60537 -3.60537 1.26847 19.8116 0.871216 1.25651 -16.5913 0.871355
TParams_5_300: 0.504756 28.6237 0.917917 0.485061 0.897289 0.800933 84.9899 -0.141415 0.362318 0 -3.81478 -3.81478 1.26785 13.6081 0.875833 1.23501 -16.3346 0.872283
TParams_6_300: 0.465935 -95.1466 1.08112 0.454427 1.0107 0.636554 50.5884 -0.149876 0.968237 0 -19.0154 -19.0154 1.46228 13.4142 0.822923 1.34563 1.17379 0.811367
TParams_7_300: 0.466457 76.6463 1.08811 0.451258 1.03123 0.64019 57.3508 -0.142353 0.24189 0 -18.7993 -18.7993 1.49003 13.1329 0.826745 1.35488 0.127645 0.81048
TParams_8_300: 0.503302 -1.68332 0.902687 0.491428 0.896027 0.498823 29.4913 -0.119097 0.695422 0 -1.65978 -1.65978 1.25513 13.2802 0.87329 1.25735 -11.3861 0.87707
TParams_9_300: 0.505441 6.51614 0.911861 0.457051 0.906736 0.497639 47.5102 -0.112252 0.338525 0 -2.09517 -2.09517 1.26274 9.13177 0.871906 1.24769 -9.96237 0.877725
TParams_10_300: 0.5043 -1.83565 0.906779 0.473976 0.881632 0.469443 33.752 -0.111685 0.679938 0 -1.81341 -1.81341 1.25632 8.5452 0.877994 1.2358 -8.27032 0.873922
TParams_11_300: 0.505174 4.683 0.919254 0.505499 0.895567 0.47034 36.9166 -0.1127 0.331833 0 -1.59937 -1.59937 1.26595 7.19138 0.876508 1.23247 -10.7506 0.878954
TParams_12_300: 0.50765 -1.4347 0.910267 0.503888 0.895604 0.440989 25.2001 -0.106314 0.712138 0 -1.46628 -1.46628 1.26299 10.5982 0.870568 1.24411 -9.09543 0.871022
TParams_13_300: 0.506439 3.24749 0.910022 0.483488 0.898269 0.440131 34.5944 -0.0990171 0.315918 0 -1.41515 -1.41515 1.25174 7.63061 0.878126 1.24421 -9.12972 0.877263
TParams_14_300: 0.465482 -19.74 1.02545 0.422943 1.01007 0.348 10.9293 -0.0897534 0.756994 0 -7.08254 -7.08254 1.39317 8.26173 0.804993 1.35414 1.11659 0.805654
TParams_15_300: 0.465193 93.8337 1.03682 0.449956 1.01286 0.349907 13.6084 -0.086607 0.161057 0 -7.22106 -7.22106 1.40125 7.1811 0.813943 1.33996 0.824837 0.809476
TParams_16_300: 0.516783 -1.36172 0.911129 0.53316 0.897866 0.267091 3.95803 -0.0669407 0.907345 0 -0.591125 -0.591125 1.26745 8.33631 0.875187 1.24911 -7.11698 0.880782
TParams_17_300: 0.5095 0.718618 0.898402 0.448077 0.889631 0.271771 -6.46777 -0.0594947 0.210177 0 -0.662403 -0.662403 1.25018 6.62629 0.875317 1.2232 -7.32628 0.875234
TParams_18_300: 0.512304 -1.90703 0.910988 0.427407 0.893626 0.250991 -6.55116 -0.0561243 0.909866 0 -0.593742 -0.593742 1.26784 8.92092 0.875316 1.23539 -5.44277 0.871943
TParams_19_300: 0.519053 1.0346 0.901714 0.510214 0.894911 0.248592 10.332 -0.0546468 0.220852 0 -0.597136 -0.597136 1.2426 2.39535 0.870302 1.2461 -3.19705 0.874052
TParams_20_300: 0.511076 -1.92971 0.916279 0.448512 0.901679 0.237233 0.0683112 -0.0560458 0.946442 0 -0.424071 -0.424071 1.26909 7.48142 0.874746 1.24455 -6.74798 0.877429
TParams_21_300: 0.511482 0.488746 0.916811 0.436978 0.90776 0.238688 -16.2118 -0.0566735 0.138205 0 -0.425036 -0.425036 1.27138 3.68884 0.874683 1.24879 -5.94179 0.880111
TParams_22_300: 0.488607 -1.02722 0.644801 0.551352 0.626615 0.237241 0.019988 -0.0552402 0.265311 0 0.420826 0.420826 1.26909 6.69784 -0.725136 1.24456 -3.47681 -0.723544
TParams_23_300: 0.487 1.68582 0.646419 0.611199 0.622963 0.238697 -16.2707 -0.0558569 0.798742 0 0.421919 0.421919 1.2714 3.69759 -0.726252 1.24876 -0.256417 -0.722084
TParams_24_300: 0.491518 -1.04734 0.644355 0.513627 0.632062 0.251002 -6.6933 -0.0553303 0.293166 0 0.585427 0.585427 1.26781 6.69807 -0.730266 1.23519 -1.96705 -0.721693
TParams_25_300: 0.48423 1.65254 0.637799 0.425577 0.635788 0.248601 10.2702 -0.0538524 0.774084 0 0.592777 0.592777 1.24262 3.17138 -0.717749 1.24612 -0.137925 -0.729634
TParams_26_300: 0.481822 -1.02492 0.644398 0.481212 0.625417 0.267098 3.98878 -0.0659416 0.306708 0 0.590776 0.590776 1.26753 5.72118 -0.729405 1.24924 -1.13374 -0.733099
TParams_27_300: 0.492079 1.78212 0.635452 0.525147 0.618683 0.271779 -6.53498 -0.0586294 0.701988 0 0.65755 0.65755 1.25018 7.12735 -0.729839 1.22318 -1.38945 -0.718512
TParams_28_300: 0.53424 15.2877 0.831969 0.562565 0.806321 0.348082 10.432 -0.0809867 0.582139 0 6.73315 6.73315 1.39296 5.13916 -0.682077 1.35429 1.35412 -0.670316
TParams_29_300: 0.533749 -17.2964 0.820539 0.539831 0.790163 0.349992 13.058 -0.0781372 0.389432 0 6.86514 6.86514 1.40107 4.95027 -0.678965 1.34003 1.26522 -0.658383
TParams_30_300: 0.49333 -0.925234 0.649578 0.494122 0.639433 0.441002 25.1187 -0.104666 0.460938 0 1.45502 1.45502 1.26295 4.52632 -0.724285 1.2441 1.63335 -0.725667
TParams_31_300: 0.49388 1.91975 0.628026 0.487444 0.627697 0.440145 34.4987 -0.0974775 0.565099 0 1.40424 1.40424 1.25174 6.51809 -0.720699 1.24422 2.23564 -0.726744
TParams_32_300: 0.496253 -0.786882 0.632576 0.501879 0.632546 0.469458 33.657 -0.109939 0.472067 0 1.7997 1.7997 1.25633 3.78783 -0.727456 1.23578 1.64967 -0.735562
TParams_33_300: 0.494147 1.90318 0.638432 0.483206 0.61703 0.470354 36.8158 -0.11093 0.55582 0 1.58706 1.58706 1.26595 5.01588 -0.720815 1.23249 0.34622 -0.721704
TParams_34_300: 0.496341 -0.620272 0.641348 0.502949 0.638385 0.498839 29.3937 -0.117218 0.478898 0 1.64679 1.64679 1.25515 8.06236 -0.727867 1.25735 1.79614 -0.738527
TParams_35_300: 0.493305 1.6258 0.646563 0.566129 0.626797 0.497653 47.4102 -0.110476 0.535727 0 2.07884 2.07884 1.26273 8.82076 -0.723272 1.24771 2.60262 -0.720802
TParams_36_300: 0.534328 97.4897 0.839919 0.540899 0.790776 0.636657 49.8361 -0.134076 0.732086 0 18.0098 18.0098 1.46329 11.663 -0.682102 1.3458 1.13124 -0.664648
TParams_37_300: 0.533895 -11.9935 0.850939 0.547501 0.796546 0.640297 56.4973 -0.127316 0.264072 0 17.8056 17.8056 1.49173 13.5446 -0.694767 1.35515 0.147232 -0.651821
TParams_38_300: 0.495543 4.92063 0.650509 0.495599 0.646293 0.798736 87.1442 -0.156815 0.54242 0 3.57516 3.57516 1.26839 7.44458 -0.722049 1.25654 -2.2367 -0.729482
TParams_39_300: 0.494514 -6.97787 0.641449 0.490409 0.630128 0.800949 84.8766 -0.139014 0.470338 0 3.783 3.783 1.26785 6.55362 -0.723221 1.23502 -2.30947 -0.717792
TParams_40_300: 0.494682 6.16744 0.640706 0.527826 0.645145 0.84438 85.3281 -0.158174 0.550077 0 4.33123 4.33123 1.24905 4.91916 -0.725628 1.2674 -3.36261 -0.724017
TParams_41_300: 0.494279 -9.06973 0.653815 0.482984 0.652459 0.850352 76.2195 -0.140082 0.465534 0 4.19544 4.19544 1.27601 9.66314 -0.727382 1.27397 -5.38008 -0.731604
TParams_42_300: 0.496013 7.45134 0.652618 0.508455 0.634118 0.896714 83.4455 -0.153208 0.559227 0 4.2984 4.2984 1.266 6.45687 -0.729031 1.24114 -4.24759 -0.721929
TParams_43_300: 0.494078 -9.2523 0.64475 0.509275 0.619125 0.895576 87.9155 -0.142487 0.468178 0 4.30286 4.30286 1.27928 9.97126 -0.724116 1.23919 -5.50587 -0.717165
